Tempos: 0.4515, 0.6385, 0.782, 0.8444, 0.903, 
Media: 0.7238800000000001
desvio:0.18129229713366204